time,x,y,z,phi,theta,psi,x_velocity,y_velocity,z_velocity,phi_velocity,theta_velocity,psi_velocity,rotor_speed1,rotor_speed2,rotor_speed3,rotor_speed4
0.06,-1.20579258409e-07,1.63996851162e-05,0.00692226618685,0.00393207062065,6.28317917791,0.0,-5.74993682767e-06,0.000998947793072,0.230722796103,0.0205552213864,-0.0020391607098,0.0,476.6678665795414,476.51205291707043,475.7786645142619,477.3494604076572
0.12000000000000001,-6.73286889822e-07,0.000176676086892,0.0261701874642,0.0063667834487,0.000151076092711,0.0,-2.52038667254e-05,0.00460827867169,0.41082522049,0.0314219461116,0.00267584208239,0.0,461.4012584022989,461.7732957019361,461.37876769843155,462.2358370451352
0.18,-8.5222162698e-06,0.000600269626244,0.0550068704731,0.00839784112761,0.00103263817468,0.0,-0.000322673217398,0.00972678800617,0.550338556526,0.0345725689695,0.0108546465064,0.0,448.7699737971646,449.43316501862205,449.70427949469155,449.9597567601449
0.23999999999999996,-4.97850658375e-05,0.00136316640707,0.0893111873576,0.0138192301239,0.00171891040204,0.0,-0.00111582422079,0.016229930111,0.593111573075,0.0132954797678,0.0120293444995,0.0,419.33889049239235,419.44079005036394,418.90867604967104,417.05494874461056
0.3,-0.000154690842385,0.00261498523105,0.127021350025,0.0149629570229,0.0026887196121,0.0,-0.0024823244756,0.025616069164,0.663852984134,0.00554110346526,0.00524313010131,0.0,429.88840658764684,429.312957011157,426.55747852453834,425.8947453706594
0.36000000000000004,-0.00036953973105,0.00447211743756,0.170114371858,0.0165853364138,0.00491881862211,0.0,-0.00492639534645,0.0364689395481,0.772509609767,-0.00815801804691,-0.0111654063297,0.0,440.62529428276906,439.2668920445418,440.89465504065436,439.7615204696519
0.4200000000000001,-0.000797070330269,0.00709999020645,0.225118724683,0.0174557012575,0.00562004281885,0.0,-0.00939940616127,0.0512209122029,1.06074430732,0.00347251804453,0.000517857374144,0.0,493.52978656985573,494.39135026921366,493.00949239135304,493.8680394923745
0.48000000000000015,-0.00148323741285,0.0105489344434,0.291508744529,0.0230145753399,0.00785028579118,0.0,-0.0136817840314,0.0642777801453,1.15215624083,0.0276398651852,0.015607166368,0.0,435.0345640611658,436.2959873309503,434.0340660745748,436.05731539290275
0.5400000000000001,-0.0025979262444,0.0149680971616,0.367095506447,0.024700066535,0.0320549860201,0.0,-0.026292238266,0.0832204126285,1.36712055007,0.0286058935147,0.0672618366102,0.0,471.63537896193156,475.6082930575406,473.1171728281014,473.19168816654195
0.6000000000000002,-0.0048373871205,0.0204594754386,0.451346124724,0.0267016755001,0.0383361420366,0.0,-0.0489874744407,0.100014189922,1.44111478271,0.0333782696092,0.0496026031366,0.0,431.38510306812896,429.894344792466,430.4410827714491,430.84505355025743
0.6600000000000003,-0.00878720406273,0.02716644,0.546106825503,0.0292851080295,0.0413557983691,0.0,-0.0830501029907,0.123883484715,1.71717486555,0.0237443515995,0.0458215138242,0.0,492.3752599076259,492.0966610433845,491.84603672763944,491.1322913132471
0.7200000000000003,-0.0145730502023,0.0351683388825,0.650511388178,0.0328115240706,0.0453692160376,0.0,-0.110198569573,0.143160968035,1.76287818539,0.0384706403987,0.0322464876479,0.0,422.70661336398547,421.5362615818722,422.39082303682807,423.659114746644
0.7800000000000004,-0.0222856105216,0.0445314639349,0.761838918549,0.03544799494,0.0565956061757,0.0,-0.148122431237,0.169241214661,1.94766599878,0.0308807561479,0.0644593179882,0.0,465.24657925164144,467.7627215781714,466.6226380662863,466.03031727569527
0.8400000000000004,-0.0326691686133,0.0556374318866,0.887084079603,0.0416717935728,0.0605764520175,0.0,-0.198485611977,0.201709241017,2.22660454398,0.0526142695919,0.0593814134022,0.0,494.25774295085125,493.885805591415,494.15101894276535,495.7510010071434
0.9000000000000005,-0.0460426475458,0.0687358487313,1.02658331204,0.0449059677511,0.0686687010051,0.0,-0.248188063448,0.235257663409,2.42288977593,0.054687938024,0.0815254908239,0.0,470.51897118133337,472.23321674535646,472.1536899152082,472.3153250973402
0.9600000000000005,-0.0624453793546,0.0838020669767,1.17514298865,0.0488551945257,0.0875888819269,0.0,-0.300543807369,0.267328717903,2.52868694348,0.0625205906064,0.0392778081343,0.0,446.7057802911802,443.2509411682043,445.32447457830887,445.9669482949586
1.0200000000000005,-0.0822986954735,0.100915891314,1.32977483112,0.0663172027012,0.0904866066528,0.0,-0.361517781945,0.304933936882,2.62534098919,0.0207403568655,0.0299310182324,0.0,443.38314651816177,442.61519551536134,445.3074466173656,441.8782151652416
1.0800000000000005,-0.105839692437,0.120559882494,1.48987421627,0.0675707683134,0.0927226713641,0.0,-0.423396872503,0.349972363608,2.71105441254,0.0211332301392,0.0213644395997,0.0,440.303497118126,439.59439554384795,441.13441289380233,441.16684609655425
1.1400000000000006,-0.133264385479,0.143024929787,1.65649243096,0.0688450357486,0.0940065620431,0.0,-0.490868371397,0.398974494801,2.8425204697,0.0184522830563,0.0214617065953,0.0,455.10678782715456,455.11456279336113,455.8149106422664,455.6005776742826
1.2000000000000006,-0.164461916465,0.168226851728,1.82762359946,0.0712830205489,0.0993857406301,0.0,-0.54955247248,0.44128725326,2.86171408886,0.029946365048,-0.00192879472422,0.0,422.9258399757614,420.9063023237609,418.06886709026236,419.06924412429566
1.2600000000000007,-0.199400731099,0.196105236729,2.00117980582,0.074311863373,0.102374565442,0.0,-0.615369732591,0.488254289601,2.9232547934,0.0409645331138,-0.0224675088929,0.0,435.77841543595895,434.0582539408051,433.5428451414206,434.4681195642108
1.3200000000000007,-0.238137300812,0.226705862054,2.17636146613,0.0771827664947,0.105961139663,0.0,-0.676186375515,0.532013542138,2.91606806482,0.0326226075281,-0.0480314711227,0.0,413.0794327978058,410.8184047012522,412.77015815305725,412.03414800229757
1.3800000000000008,-0.280912250236,0.260227269197,2.35431783705,0.0791282237275,0.10448140888,0.0,-0.749487659542,0.585539581041,3.0155172775,0.0313108002627,-0.0622586528925,0.0,448.37063462307117,447.2114623084906,446.627242134408,446.5206152915165
1.4400000000000008,-0.32828883372,0.297182026515,2.5405286785,0.0810777020398,0.101203861269,0.0,-0.82932878799,0.646467290073,3.19101534,0.0269578945523,-0.0709688674804,0.0,471.1125734758147,470.43572708566836,471.55887853652644,471.2227292113762
1.5000000000000009,-0.380465313249,0.337874980436,2.73774137328,0.0830289780934,0.106542931091,0.0,-0.910414624175,0.710137737965,3.38205794992,0.0193160196945,-0.0382118188681,0.0,475.8122070653574,478.31110696257383,476.7915755153871,476.2074123504427
1.560000000000001,-0.437296361412,0.382171188378,2.94327381165,0.0852173658798,0.111965999557,0.0,-0.984444366039,0.766595432411,3.46863305802,0.00693693091703,-0.008959794577,0.0,444.8696336503228,447.2582473499121,447.1047658374106,446.0949347830898
1.620000000000001,-0.498638924238,0.429872613581,3.15379007312,0.0856318828969,0.111506956032,0.0,-1.06024364838,0.823461504721,3.54828573107,0.00462517664156,-0.00686352957561,0.0,444.2325282994517,444.40451415627854,445.6224048507827,445.4332819580352
1.680000000000001,-0.564251669226,0.48077752528,3.36657950284,0.0861189283749,0.113607916437,0.0,-1.12705854122,0.873401546556,3.54463582383,-0.00173074271449,-0.0254696626616,0.0,419.28218473956855,417.6625400308314,418.5444461077783,417.99082479906775
1.740000000000001,-0.634384665298,0.535040810219,3.58326093522,0.0865937067837,0.115141467261,0.0,-1.21085660571,0.935380688937,3.67756817202,-0.0113494103683,-0.0458752325097,0.0,464.81303737181446,463.21067098751536,460.8773942516137,460.11657155014876
1.8000000000000012,-0.709365359579,0.592869333493,3.8061128065,0.0860512490219,0.114663068289,0.0,-1.28845897279,0.992142534634,3.75054665911,-0.00829960701326,-0.0636385727985,0.0,445.7346717166818,444.27877578003904,444.13932757925676,444.3895321522353
1.8600000000000012,-0.789370926001,0.654345076877,4.03620549778,0.0876978207385,0.125300711615,0.0,-1.37947459266,1.05713478916,3.91839037534,0.00658726153529,-0.0231716537298,0.0,472.17819678632907,475.288463757029,474.6692762988992,475.8104609763025
1.9200000000000013,-0.874835214725,0.719634309769,4.27443647313,0.102297079322,0.133859375316,0.0,-1.47020168664,1.12057310498,4.02189017804,0.0466900145554,-0.0589451694752,0.0,458.2901427966185,455.43702066657534,455.0417152756096,458.2410923599509
1.9800000000000013,-0.965882548969,0.78899521083,4.51885698793,0.106483678143,0.131292023216,0.0,-1.56440756454,1.19181785614,4.12499713359,0.0584382598432,-0.049293590933,0.0,457.29079819414227,458.05703554947826,457.86974070920917,458.8050725744526
2.0400000000000014,-1.06339641573,0.863414619043,4.77597710956,0.109979748581,0.128329337187,0.0,-1.68551643543,1.28914794325,4.44434569806,0.0577002899296,-0.0495816237169,0.0,521.9697577989001,521.9485337865202,521.1847933510554,521.135013399949
2.1000000000000014,-1.16670990507,0.942561720389,5.0414002773,0.113552988423,0.128428178093,0.0,-1.75833579257,1.34937622412,4.40314249897,0.0526545127249,-0.0700248582022,0.0,416.45704922953183,414.6623511715746,414.79565917000673,414.35462475479443
2.1600000000000015,-1.27490416662,1.02578050244,5.30773608911,0.121149649164,0.146463699582,0.0,-1.84979591502,1.42520945447,4.47391991739,0.0745610335724,-0.0195542611773,0.0,448.9781801402794,453.0529644413611,451.9226631558198,453.6876858848
2.2200000000000015,-1.38857531798,1.11342548694,5.57614962856,0.126447624646,0.148715118115,0.0,-1.93944167131,1.49670882981,4.47299617285,0.0833784751954,-0.00044662437213,0.0,430.0050529808011,431.62097887779885,429.41943740543127,430.1718541957297
2.2800000000000016,-1.50799199562,1.20574724817,5.84662590764,0.13842146139,0.149276538292,0.0,-2.0411535952,1.58175615589,4.54227338679,0.111125714104,-0.0101333876909,0.0,454.5949364430968,453.8180365371322,451.6591028841971,453.89882189003964
2.3400000000000016,-1.6334169741,1.30328707956,6.12050530987,0.145235692354,0.148656825305,0.0,-2.13962092975,1.67014339382,4.58663024587,0.114288967685,-0.0115200264972,0.0,446.0797719363302,445.96663460382865,447.47601939746914,447.7445547101582
2.4000000000000017,-1.76491002349,1.40639552022,6.39795022249,0.152824414257,0.154539730213,0.0,-2.24399270432,1.7674513617,4.66082042493,0.103643270213,0.0153928713926,0.0,456.29160804946014,458.4354055344049,457.55269414556415,456.7147610581198
2.4600000000000017,-1.9026619456,1.51532862881,6.6788084276,0.15998742431,0.167815130916,0.0,-2.34896753888,1.86418658054,4.70037708724,0.113155718417,-0.0243254009262,0.0,449.02226883061576,445.7879976320138,448.0591922521055,448.841888188041
2.520000000000002,-2.04705902361,1.63032068293,6.96278118638,0.167252172556,0.168372734439,0.0,-2.46428383964,1.96947144383,4.76477256234,0.119602872871,-0.00992112263855,0.0,456.5502482017891,457.6982855458738,457.05811635192975,457.5831940916887
2.580000000000002,-2.19744769289,1.75083143632,7.24509516861,0.174657333697,0.167766829217,0.0,-2.54875829567,2.04810061802,4.6459756486,0.123779861757,-0.0107168190128,0.0,396.4835394965796,396.410524594739,396.8428331061381,397.2412641465889
2.640000000000002,-2.35404686473,1.87736303363,7.5268705225,0.189863961242,0.167397935983,0.0,-2.6711172527,2.17099828962,4.74555542809,0.153157110988,-0.00605729468604,0.0,469.3613592847415,469.72301975390036,467.49241483495786,469.79167912556
2.700000000000002,-2.51776777974,2.01130091892,7.81323680996,0.19939783396,0.167845559085,0.0,-2.78626539408,2.29436921383,4.79930565794,0.158496415562,0.00268092640204,0.0,456.49321309320476,457.1901344799253,456.5054851241373,456.9533773182953
2.760000000000002,-2.68796691509,2.15226880536,8.10009268642,0.209249355329,0.171953142108,0.0,-2.88743746409,2.40528896567,4.76221541676,0.163810780953,-0.0203146171302,0.0,429.96706792585553,428.0141318481449,427.9711916343717,428.4488338038013
2.820000000000002,-2.86396391011,2.29963939805,8.3827802948,0.219460686439,0.170723728492,0.0,-2.97916503695,2.50781008213,4.66079159315,0.169491873373,-0.0210954178023,0.0,407.5163675518071,407.4465291642209,406.0540339030284,406.59249841465845
2.880000000000002,-3.04593422474,2.45394215428,8.66197294149,0.244703624264,0.171218418955,0.0,-3.08659010485,2.63764375756,4.64481004585,0.210837686676,-0.0368794318825,0.0,437.95517489819804,436.63995419163575,434.1790591104222,437.66804154153573
2.940000000000002,-3.23514558467,2.61752237395,8.94445226425,0.257363002391,0.171125513493,0.0,-3.2203455536,2.81607852691,4.76987017691,0.211229199936,-0.0220850934067,0.0,483.4612809158713,484.5745650395521,482.36434452586406,482.43392683948423
3.000000000000002,-3.4318890125,2.7913179876,9.23150910697,0.272036411447,0.171317435129,0.0,-3.3377696368,2.97824633387,4.79780100056,0.225564847798,-0.0097395410419,0.0,455.82856627736965,456.8143210634985,454.17754265506994,455.3709722213056
3.0600000000000023,-3.63578440244,2.97523194262,9.52062866571,0.285616299289,0.171602475654,0.0,-3.45876014596,3.15325087406,4.83851922809,0.221724524057,-0.0212239958163,0.0,462.8477476667363,461.94296455234894,461.013984426772,460.75833009420955
3.1200000000000023,-3.84632872368,3.16886079976,9.80862740879,0.300914995117,0.170464406394,0.0,-3.55939584234,3.30212721233,4.76107508628,0.23604297081,-0.0266294029789,0.0,424.2186436727776,423.75406047151864,423.91196230460093,425.1943602613735
3.1800000000000024,-4.06393986651,3.37345467003,10.0976071557,0.32203662282,0.168869246351,0.0,-3.69404814385,3.51943430717,4.86981622211,0.263764087991,-0.0291534428265,0.0,486.8411698190213,486.6521315047461,484.8660254733868,486.9990906991516
3.2400000000000024,-4.28833158684,3.58911012167,10.3858137806,0.345933401706,0.167210663157,0.0,-3.78569586553,3.67068092,4.73667227046,0.293706276057,-0.0338628876161,0.0,409.80239697904426,409.38305392660834,407.4567931636382,410.2083064024442
3.3000000000000025,-4.51896368731,3.81563949944,10.6700339041,0.363908189881,0.167679690146,0.0,-3.90206017566,3.88156367985,4.73613271384,0.285891108787,-0.0176982131886,0.0,455.40821279256784,456.6994045817376,457.4142925635189,456.87492697109036
3.3600000000000025,-4.75708216957,4.05612670289,10.9567019228,0.383468400054,0.168963698624,0.0,-4.03522808742,4.13605880601,4.81753491097,0.301725922066,-0.00207715930885,0.0,484.7925253427435,485.9652080842987,485.7652647238223,487.02951739522047
3.4200000000000026,-5.00216120345,4.30986906028,11.2422428615,0.401875295295,0.170658032209,0.0,-4.13429082878,4.32315385327,4.69986111647,0.306675714275,-0.0180999446258,0.0,422.80902342003,421.4260483824704,423.34516903002907,423.86969022538113
3.4800000000000026,-5.25347922394,4.5756647256,11.5219787197,0.421341647673,0.16989434645,0.0,-4.24297108437,4.53793154364,4.62368400402,0.294100790407,-0.0256338539584,0.0,440.19650348131825,439.57247149877156,439.3702636656175,438.42082709015864
3.5400000000000027,-5.51176696881,4.85567468572,11.7993478042,0.439841575806,0.169072315273,0.0,-4.36650144445,4.79685026879,4.62041317678,0.282705172419,-0.0174872716916,0.0,465.3990116392649,466.0363405669102,468.42984515441225,467.6236559822973
3.6000000000000028,-5.77617405862,5.1482357252,12.0694674582,0.457503846646,0.169310857323,0.0,-4.44729885395,4.95619053957,4.38365339372,0.290746563619,-0.0311763010725,0.0,384.3498563421322,383.04973094935997,383.90434566539534,384.76333698091355
3.660000000000003,-6.04653104284,5.45332227547,12.3309587453,0.474952692789,0.168037406002,0.0,-4.56449548507,5.21428212231,4.33145089867,0.288154950204,-0.0238268385668,0.0,453.82917364212216,454.4186294716821,454.0363476924587,453.911748012261
3.720000000000003,-6.32373837318,5.77363995454,12.588211216,0.493413038867,0.16669610524,0.0,-4.675679886,5.4639169109,4.24249784349,0.298868067422,-0.0215574384903,0.0,443.7639228912061,443.9501757853893,443.71916451023236,444.68446289293837
3.780000000000003,-6.60804549099,6.11037506643,12.8421890516,0.512987120992,0.166155111276,0.0,-4.80111715552,5.76151661016,4.22156549276,0.28357762526,-0.0323353544414,0.0,471.8286463932317,470.9955382430058,471.21837507042767,470.1171685131264
3.840000000000003,-6.89890516666,6.46234938975,13.0896206971,0.530927471892,0.164697562587,0.0,-4.89425936422,5.97184638597,4.02569453745,0.271767810444,-0.0258316652012,0.0,410.8379704698554,411.4140249992994,410.1771459721311,409.2132357051807
3.900000000000003,-7.19741647541,6.83340874596,13.3358416128,0.54841569659,0.163529802378,0.0,-5.05567175863,6.39718345227,4.17837034477,0.258595084189,-0.0201544714642,0.0,533.5793336416468,533.9668860282416,534.6734360436207,533.8340413717798
3.960000000000003,-7.50428133862,7.22604162227,13.5840305713,0.567294635686,0.169572260776,0.0,-5.17352199095,6.69108179897,4.09275792469,0.277518655896,0.00816920021494,0.0,460.9740896718055,463.20758585413716,460.0017807036117,461.56624365335364
4.020000000000002,-7.81788844182,7.63516839431,13.824788311,0.58411908009,0.170090323976,0.0,-5.28013131823,6.94701455643,3.93150680622,0.271600468459,0.00915766277335,0.0,437.35241217960566,437.43464150946147,437.4705422779536,437.0555094693581
4.080000000000001,-8.13813555986,8.06044144699,14.0567006479,0.60122461164,0.17552047988,0.0,-5.39512237265,7.22904004914,3.7974028042,0.280327563822,-0.0162729229365,0.0,451.1439520624056,449.08523044485617,450.7397645554383,451.5196394476641
4.14,-8.46525004619,8.50243052735,14.2798824877,0.618596580127,0.174785708357,0.0,-5.50866019547,7.50435570169,3.64079403659,0.270896321448,-0.011956384813,0.0,445.6837951139292,446.03668256658915,445.7769310058691,445.0829496643369
4.199999999999998,-8.79863953347,8.95926556174,14.4909782553,0.636513791232,0.174148275575,0.0,-5.60442770745,7.72405606937,3.39523014114,0.283873839133,-0.00983463890061,0.0,412.4540384463898,412.64156965882313,411.67274905812,412.9028926687631
4.259999999999997,-9.13775041062,9.42923125274,14.6870125252,0.654456418202,0.175509585037,0.0,-5.69945157887,7.94195471697,3.13870716129,0.293191745234,0.00431487185761,0.0,408.8139812451102,410.0733827692127,408.630982819374,409.5523933978165
4.319999999999996,-9.48343368782,9.91520648024,14.8711963745,0.676056215533,0.181605182909,0.0,-5.82358061644,8.25736674489,2.99855818576,0.270025318112,0.029607207776,0.0,458.1242943476557,460.1315663204786,461.48169839014207,459.7285322921817
4.379999999999995,-9.83605867151,10.4181982875,15.0441426984,0.699692732877,0.190451597355,0.0,-5.93099695601,8.50925696772,2.76470778972,0.298717224988,-0.000744841572365,0.0,428.0800404992745,425.48848011077246,426.2528830588746,428.7811713252873
4.439999999999993,-10.1946883082,10.9346436851,15.2007420903,0.718092277657,0.192621962025,0.0,-6.02355965753,8.70596282036,2.45491178075,0.305171916612,-0.0182924982599,0.0,398.06974926759557,396.46009817265394,395.92159758685784,396.61947619612425
4.499999999999992,-10.5597221661,11.4657021015,15.3417850654,0.73765623002,0.193131378478,0.0,-6.14419327591,8.99598690378,2.24504848117,0.291645856443,-0.00555423159491,0.0,442.5199850038598,443.567815206989,444.6909960069635,443.67345763532865
4.559999999999991,-10.9316359249,12.012958221,15.4686049446,0.764659178817,0.193751288829,0.0,-6.25291406119,9.24619978302,1.98072074413,0.324236426199,-0.017516185539,0.0,425.0411639256657,424.0144440999005,422.1634220650162,425.0653524932789
4.6199999999999894,-11.3113177047,12.5797115601,15.5838315064,0.7883584713,0.19397104021,0.0,-6.4028106537,9.64504567718,1.85713322467,0.345636257893,-0.0311229915442,0.0,491.16830450490846,490.1578069844739,489.19729770752923,490.8900457419786
4.679999999999988,-11.6988559575,13.1664283135,15.6872318555,0.81212516366,0.192261659124,0.0,-6.51498889946,9.91217663919,1.5880887639,0.36353528159,-0.0368398131415,0.0,434.675638651719,434.1956325452468,434.0929991268457,435.72314293463614
4.739999999999987,-12.0937415885,13.7715890889,15.7764637802,0.837011567502,0.19105229352,0.0,-6.64752604535,10.2593493287,1.38381599784,0.381577414548,-0.0490656032653,0.0,470.22570485368993,469.2764911550853,468.79319194481246,470.32649829528486
4.799999999999986,-12.4958893343,14.3950872831,15.8508100784,0.860256585271,0.188297598962,0.0,-6.75721317403,10.5237314213,1.09301570515,0.386969513559,-0.055180129237,0.0,436.68301741647144,436.1707089037981,435.3614851589955,435.9679624944198
4.859999999999984,-12.9046715463,15.0347691885,15.9077124626,0.891314938452,0.18828261578,0.0,-6.8686376906,10.7986470227,0.801447843536,0.416463030061,-0.0763038488608,0.0,442.03591751436284,440.288067513092,440.06120179982423,442.66115561838683
4.919999999999983,-13.3207420384,15.6935555453,15.9488312928,0.916295818295,0.184293300164,0.0,-6.9998358526,11.1599532767,0.566631397718,0.416046718005,-0.0859961581142,0.0,477.3666346671989,476.621536804825,476.77968906315726,476.91524763619475
4.979999999999982,-13.7447075102,16.3744006435,15.9757913112,0.941261493917,0.179298435679,0.0,-7.13171183833,11.533730603,0.329380766059,0.413505330334,-0.0825890981067,0.0,483.61790377169103,483.8693119248755,484.50210155568027,484.4746066846575
5.0399999999999805,-14.1757084648,17.0740220716,15.9855259398,0.966525636887,0.179516671668,0.0,-7.23482290083,11.7861701432,-0.0065168377739,0.419779423766,-0.108735036995,0.0,441.95262757881784,439.7840674470118,440.9705655470621,441.6697014133227
5.099999999999979,-14.6135197527,17.7916228293,15.97682313,0.994135671346,0.180699055763,0.0,-7.3584809723,12.1322063475,-0.286483487625,0.401481624373,-0.0795018117563,0.0,477.8868597041769,480.1033529866134,479.0341158193819,477.80489286957845
5.159999999999978,-15.057812907,18.5257236546,15.948213888,1.02554246116,0.175947604632,0.0,-7.45102477594,12.3372180141,-0.668757023078,0.370621080833,-0.0787839490007,0.0,429.9219986675307,429.97759521092246,431.0021162282294,428.5493738464939
5.219999999999977,-15.5077686072,19.2727542233,15.8968393989,1.04779275927,0.172987489461,0.0,-7.54731573117,12.5628903755,-1.04474168287,0.37115349029,-0.0653737365496,0.0,439.1192655286459,440.22654030985575,439.34743412120207,439.53538143725035
5.279999999999975,-15.9639310562,20.0354680153,15.8240245643,1.07329567368,0.169211654171,0.0,-7.65765681376,12.859266896,-1.38439929129,0.389686331829,-0.0622115990662,0.0,467.10403152924255,467.3478922171809,467.44734669363186,469.0292647370633
5.339999999999974,-16.4264957363,20.814929678,15.7300642822,1.09699224285,0.169474761913,0.0,-7.76087605026,13.1209961331,-1.74925743515,0.39475202705,-0.0853423072691,0.0,460.0981468769288,458.258554366672,460.07051577787405,460.6245736349107
5.399999999999973,-16.8943781692,21.6054901731,15.6117226591,1.12567025208,0.164362887053,0.0,-7.83517507773,13.2305412352,-2.19602876008,0.369042439588,-0.0849677519821,0.0,408.0214120116704,408.0482031669324,408.23936063382973,406.1072631040697
5.4599999999999715,-17.3670834778,22.4045434409,15.4674281617,1.15068869979,0.160025479438,0.0,-7.92150178034,13.4034564044,-2.61465707953,0.349224025464,-0.076539138044,0.0,432.4896747285037,433.1937792413171,433.63560938037887,432.10622376393735
5.51999999999997,-17.845267693,23.2156017267,15.2986686016,1.17623725893,0.166445314414,0.0,-8.01765510712,13.629319675,-3.01232963318,0.37153445969,-0.0413677976521,0.0,452.41064538650306,455.2323671888402,455.06770216119793,456.978554946036
5.579999999999969,-18.328650935,24.0369526633,15.1045758088,1.20679580725,0.163961326852,0.0,-8.09490952226,13.7477018201,-3.45838170963,0.401850325766,-0.0436681149972,0.0,422.3948159448258,422.19519901732747,421.6549996250773,424.4261488301011
5.639999999999968,-18.8169375704,24.8668966826,14.8841885116,1.23864201731,0.162259068745,0.0,-8.18092440557,13.914955029,-3.88938715911,0.431137821851,-0.0343051904693,0.0,442.6103298573825,443.37987437617915,442.70871317615484,445.2895306994752
5.699999999999966,-19.3105266647,25.7076998246,14.6380823395,1.26454126807,0.161338884239,0.0,-8.27165581868,14.1093520505,-4.31539097976,0.432207472993,-0.0472534005979,0.0,456.9928629822996,455.9582244720385,458.52504474060527,458.79778104718037
5.759999999999965,-19.8098943077,26.5620617401,14.366920084,1.29048150939,0.171844649681,0.0,-8.37333853063,14.3650792843,-4.72534103826,0.432547955192,-0.0884832106631,0.0,484.9672951263346,481.85609937486635,483.09284770140613,483.2969126058667
5.819999999999964,-20.3154323967,27.4320241752,14.0710876677,1.31840971738,0.16926861926,0.0,-8.4772042643,14.6298862291,-5.13766912551,0.446787869649,-0.107833099795,0.0,495.44340195942556,494.0110981662654,493.2687768290225,494.4981937547823
5.879999999999963,-20.826164372,28.3120204047,13.7488499197,1.34733535482,0.163627925451,0.0,-8.54701404068,14.7016008248,-5.60412308112,0.42959578489,-0.0989860570618,0.0,440.29625297599716,441.0184352105474,441.50000630651823,440.2832437631547
5.939999999999961,-21.341564548,29.1990308388,13.3992059593,1.37587648809,0.159148638632,0.0,-8.63250569,14.8623383801,-6.05182990766,0.410136606842,-0.113476818529,0.0,474.2294230512991,473.10558662134366,473.99902136534837,472.6748755254805
5.99999999999996,-21.8619029174,30.0944797723,13.0223808415,1.40048653577,0.160692191633,0.0,-8.71162905158,14.9829399465,-6.50960337657,0.407641885401,-0.0829962453037,0.0,465.81186675519854,468.1823734196367,468.036229448203,468.0067859861604
6.059999999999959,-22.3860881985,30.9916236613,12.6171545617,1.42494511658,0.156015761788,0.0,-8.7613911797,14.9213979663,-6.99734960481,0.407645255928,-0.0903484237523,0.0,413.6845761077235,413.0295103253209,413.1830702978108,413.36980141811705
6.1199999999999575,-22.9137988204,31.888164625,12.1832342008,1.45116637377,0.151330515044,0.0,-8.82880134925,14.9612375281,-7.46675851195,0.421035204631,-0.101021106667,0.0,448.85247606875265,447.9774189022869,448.83434516512955,450.09491613277294
6.179999999999956,-23.4459329407,32.7893572598,11.7214466397,1.47646769947,0.147335646437,0.0,-8.9086262503,15.0753097003,-7.92657552495,0.422312721613,-0.0864290234561,0.0,475.9161277832026,477.02533087147174,476.7318721473497,477.0012015571822
6.239999999999955,-23.9823229922,33.693649273,11.2317128242,1.50397005808,0.142840473948,0.0,-8.97093822769,15.0657187443,-8.39778979149,0.404951980015,-0.0968116172081,0.0,444.6309292065146,443.7720404240766,445.8111397469034,444.56965607246667
6.299999999999954,-24.522575792,34.5979264239,10.7137982744,1.53042421241,0.137226471707,0.0,-9.03742325959,15.0746160893,-8.86589827582,0.419882607405,-0.0930317796875,0.0,454.76379209104175,455.05917488455475,454.1040997296129,455.4714764417569
6.359999999999952,-25.0671978815,35.505148202,10.1679290506,1.5577999077,0.13275918797,0.0,-9.11628344132,15.1623256935,-9.32999119467,0.434908441984,-0.105859784651,0.0,484.5340442979543,483.5606782361575,483.2566591278733,484.5605180518584
6.419999999999951,-25.6159595452,36.4129035161,9.59414481573,1.58389577151,0.127037527517,0.0,-9.17592424022,15.0946222429,-9.7956220128,0.434974328551,-0.0982836171379,0.0,442.9627913875935,443.57661566302255,443.08666255870503,443.28993676906504
6.47999999999995,-26.1677733533,37.3118772891,8.99261266284,1.61083263623,0.121562699048,0.0,-9.21839828566,14.8715429164,-10.2543446423,0.44387350344,-0.0922659194341,0.0,392.7567462954069,393.30581645242654,393.1570977349689,394.2086023584476
6.5399999999999485,-26.7225060918,38.1997447939,8.36368019175,1.63786466597,0.117446497836,0.0,-9.27291338538,14.7230281512,-10.7092101608,0.449699006628,-0.0803587800857,0.0,418.9780412763817,420.00599297824675,418.84015371591363,419.5675133238174
6.599999999999947,-27.2808831613,39.081322784,7.70742182341,1.66864769585,0.114317372776,0.0,-9.33952142299,14.6598461915,-11.1655745964,0.427104962373,-0.0672578750421,0.0,450.2003907708368,451.25563828057346,451.24894077736735,449.621379090723
6.659999999999946,-27.8431969889,39.9581955369,7.02393493762,1.69489020116,0.11092385636,0.0,-9.40428993952,14.5670029496,-11.6164902295,0.417219202471,-0.0773169586759,0.0,446.73009650570526,445.9045800301636,448.256052771783,447.6369374124985
6.719999999999945,-28.4093082541,40.8281690158,6.31368437564,1.72031101404,0.106762224861,0.0,-9.46627864552,14.4305545209,-12.0575368305,0.40909058993,-0.0861808455164,0.0,437.84521087866784,437.10116196304864,437.81414674869643,437.31850179274244
6.779999999999943,-28.9794039942,41.6917863856,5.57684551239,1.74496018438,0.105798857585,0.0,-9.5367202418,14.3537415296,-12.5027122843,0.404160181789,-0.109883424352,0.0,461.1641117066466,459.2791613614919,460.92150076615064,460.6974534116631
6.839999999999942,-29.5535789037,42.5490674186,4.81371936035,1.77099096652,0.101998745652,0.0,-9.6026011163,14.220246706,-12.93373631,0.388288214275,-0.0927377395723,0.0,448.5048951595806,449.887252062434,447.95302984904527,446.8235015861479
6.899999999999941,-30.1322103798,43.4025807865,4.02399913833,1.79448466524,0.10272991967,0.0,-9.68465728296,14.2254699232,-13.3889784169,0.38208405069,-0.121450092517,0.0,497.1667001789909,495.04878150876743,496.2108035786186,495.8923324863472
6.95999999999994,-30.7149384592,44.2482259567,3.20891568804,1.81934812577,0.095859284168,0.0,-9.74039212025,13.9629592095,-13.7793046979,0.365582594244,-0.129820727054,0.0,418.6422347144633,417.89741069247907,419.5694965998486,418.28935323520807
7.019999999999938,-31.3013867966,45.0803230707,2.37009479987,1.8423265425,0.0882060826309,0.0,-9.80862494671,13.7729420771,-14.180212897,0.353125739991,-0.1352366956,0.0,442.8600801127844,442.3979456011891,443.60522171509217,442.715499918276
7.079999999999937,-31.8922370236,45.9025567432,1.50698827999,1.86465546383,0.0801214879026,0.0,-9.88709407535,13.6333987327,-14.5887578159,0.340158547364,-0.134202639185,0.0,461.1784118555967,461.2441074292496,461.25094950160593,460.34542010884206
7.139999999999936,-32.4881514222,46.7187368687,0.618826807256,1.88581394013,0.0753829973509,0.0,-9.97702591535,13.5695106768,-15.015062963,0.329400045322,-0.115426437908,0.0,488.34033007808483,489.72683850149394,487.8294077526242,487.1301314371731
7.1999999999999345,-33.0894140514,47.529262678,0.0,1.90556633133,0.0760511929885,0.0,-10.0650086164,13.4452924695,-15.4170660482,0.327969610408,-0.0864162706784,0.0,474.74765109704435,476.96143880715056,476.09266906026687,476.08616413958214
